Pesos Iniciais:
[[-0.44702609  0.32005613 -0.71785929 -0.46126953  0.39186554]
 [-0.68276891 -0.93017385  0.15859441  0.80820713 -0.27409112]
 [ 0.10556854 -0.00693609 -0.76089279 -0.27604548  0.92802856]
 [-0.79984652 -0.37080931  0.17288094  0.22344616 -0.67874089]
 [-0.44258311  0.54905566  0.0739542   0.40536409 -0.60140383]
 [ 0.01461772 -0.49647953  0.77293412  0.08099069  0.31151308]
 [-0.70578048  0.38079303  0.23973121 -0.43915741  0.10770305]
 [-0.52755492 -0.53213083  0.46642017  0.84666514 -0.50723391]
 [-0.86193086 -0.85562302  0.88507807 -0.46725493 -0.95409673]
 [-0.97601578 -0.63812114  0.90526788  0.60205582 -0.9467835 ]
 [-0.97390597  0.1592601   0.23170167 -0.97520572  0.37756684]
 [ 0.49524933  0.67920051  0.38208531  0.43171586  0.76969166]
 [-0.26041623 -0.57953264  0.22482625 -0.67996716 -0.86968964]
 [ 0.45000522 -0.34359608 -0.05348962 -0.08168151  0.62949011]
 [ 0.89913115 -0.64900973 -0.54704906  0.3876943   0.6300194 ]
 [ 0.34529445 -0.17638156  0.27211178 -0.64699243 -0.73251734]
 [ 0.71723279  0.89528939  0.78274025 -0.27481255  0.67940492]
 [-0.39238748  0.35624395 -0.86394134  0.5046329  -0.46316677]
 [ 0.24748306 -0.58047747  0.64328015  0.21900349  0.89765801]
 [-0.13711083 -0.31529175 -0.49402102 -0.38949345  0.76932829]
 [ 0.26800419  0.36254462  0.05932467 -0.28857167 -0.03907784]
 [-0.74951864 -0.77764803 -0.21436941 -0.03194519  0.52289134]
 [ 0.00130685 -0.27755643  0.84943096 -0.28235436 -0.87434002]
 [ 0.93060887 -0.42621163 -0.80369069  0.40804789  0.45614633]
 [ 0.30553427  0.39550604 -0.60097132  0.24583267  0.71328857]
 [ 0.81997043 -0.13121973 -0.95542275  0.4858493  -0.91111633]
 [-0.27564269 -0.67963404 -0.1365346   0.03153945  0.33270767]
 [-0.78594421 -0.79614876 -0.02230973 -0.4176697  -0.19579358]
 [ 0.94772085 -0.79670449  0.76447131 -0.0670124   0.47336913]
 [ 0.56080241  0.67045411  0.77081195 -0.63641086 -0.53405082]
 [ 0.81893625 -0.48411113 -0.20142242 -0.71585004  0.88683776]
 [-0.68514866  0.31344604 -0.10915585  0.70583036  0.34365977]
 [ 0.48147304 -0.08059693 -0.44910052  0.70154017 -0.14501623]
 [-0.21469624  0.35873004  0.39891962 -0.28814944  0.24152023]
 [-0.00535502  0.59617654  0.24485265  0.14668056 -0.24220078]
 [ 0.80494399 -0.81994658 -0.73827774  0.92988139  0.93069046]
 [ 0.49606489 -0.11042384 -0.24373062  0.20417518  0.60619414]
 [ 0.88375006  0.70833715 -0.80541515  0.44758877 -0.15662387]
 [-0.55722556  0.25824838 -0.41373602  0.2475813   0.63727952]
 [ 0.73395835 -0.9352622   0.39336583  0.97300345  0.06451694]
 [ 0.92288643  0.04594989  0.28659764 -0.56504151  0.48752275]
 [ 0.59593671  0.25174859  0.96854028 -0.67423052  0.09834221]
 [-0.5039752   0.50458145 -0.22984043 -0.12643141 -0.9746208 ]
 [ 0.63486957  0.7365547   0.04743117 -0.16184483  0.41570179]
 [ 0.8531724   0.12328313 -0.0887255   0.36050291  0.69290348]
 [-0.79508829 -0.43418091  0.87978834 -0.3154123   0.35976321]
 [ 0.02387182 -0.8000536  -0.53880796  0.93467285 -0.03875675]
 [-0.10158892 -0.65507491  0.7580689   0.33455831  0.7130854 ]
 [-0.0472774  -0.91667485 -0.49468014  0.26516315  0.24957791]
 [-0.03910596 -0.9359835   0.84933668  0.62341096  0.47732381]
 [ 0.1184556   0.48706448  0.81407597  0.1007153  -0.15032858]
 [-0.28115837 -0.75421178 -0.02586276  0.51886662 -0.95332523]
 [ 0.15126506  0.99018921  0.50097888 -0.88124236 -0.91932893]
 [ 0.5779674   0.15920612 -0.72763827  0.17997816  0.98941113]
 [-0.68796911  0.06439946  0.24566024  0.45412547  0.24973706]
 [ 0.7892294  -0.4643491  -0.42980619  0.89518664 -0.98079835]
 [-0.35935919  0.05862415 -0.40219676 -0.6118046   0.48774863]
 [ 0.43573696 -0.49813532  0.62900047  0.71045078  0.99494707]
 [ 0.59762932  0.22439018  0.03512343 -0.36559793  0.80964051]
 [-0.04423661 -0.25706552  0.77358066 -0.80582644  0.14143222]
 [-0.36949458 -0.76075191  0.84691138  0.45088436  0.87275668]
 [ 0.3147117  -0.90776116 -0.358858    0.94411627 -0.25853233]
 [ 0.41243973  0.76199112 -0.68792582  0.58889081 -0.31313713]
 [-0.01776633 -0.25847405  0.82290952  0.02744393  0.5148186 ]
 [ 0.3746403  -0.21269873 -0.08438531  0.91903591 -0.70638346]
 [ 0.0040126   0.46779583  0.20325169  0.61173391 -0.56282284]
 [-0.44057864 -0.38751812  0.32635902 -0.6025702   0.29163317]
 [ 0.76130187 -0.11136843 -0.14160864  0.64681172 -0.46307339]
 [-0.37276347  0.26879744  0.88241025 -0.16064269  0.64015019]
 [ 0.19025783 -0.93504644 -0.42610573 -0.88195807 -0.40414793]
 [-0.8797504  -0.44969159  0.29341948 -0.1819692   0.68711188]
 [-0.01591948 -0.49782011  0.00202199 -0.51242067 -0.44656433]
 [ 0.04342017  0.4588555   0.39717434 -0.95287984  0.51166286]
 [ 0.14212511  0.68346752  0.48179488  0.00158544 -0.9337879 ]
 [-0.17727209  0.30989143  0.92150821  0.49108006 -0.9500703 ]
 [-0.7726464   0.76851923  0.26225599 -0.74972714  0.91124819]
 [-0.47408586 -0.98550587  0.56773184 -0.76410858  0.01767612]
 [ 0.60046262  0.65250311 -0.09111835 -0.67093671 -0.16931035]
 [-0.98588288 -0.5257475   0.43104279  0.62363833  0.24409889]
 [ 0.33232537 -0.01706805 -0.08784266 -0.70958095 -0.86352907]
 [-0.86957657 -0.9070318   0.78556083 -0.06244485  0.99044184]
 [-0.13336061  0.48879064  0.28909433 -0.03269769 -0.93833277]
 [ 0.43484041 -0.14534566  0.84190852  0.10779421 -0.11030431]
 [-0.82404162  0.79620196 -0.63089832 -0.62874389 -0.75849335]
 [-0.95570835 -0.64228115 -0.58398781  0.81766674  0.15366288]
 [-0.93092727  0.58876532 -0.55584954 -0.59403177  0.69389228]
 [-0.7428512   0.14574712 -0.14577447  0.23765113 -0.25506525]
 [ 0.0502634   0.46967829 -0.55607753  0.9982111  -0.81588636]
 [ 0.05738008 -0.81501246 -0.74941766  0.31219236 -0.90296527]
 [-0.85917354  0.53007811 -0.16107505 -0.92567831 -0.55746936]
 [ 0.62874991 -0.54191986 -0.69834013 -0.58351523 -0.54256224]
 [ 0.75805716 -0.53585334  0.47398265  0.93047341 -0.32332416]
 [ 0.18939387  0.00300715 -0.16997753  0.57358453  0.73197876]
 [-0.05058953 -0.19011954  0.85086314 -0.84527669 -0.61388972]
 [-0.27705125 -0.44891249 -0.81997996  0.02851883  0.86522512]
 [-0.34467735 -0.11205208 -0.09032987 -0.21391274 -0.04516773]
 [ 0.35203412 -0.42439486  0.39359737 -0.73415082 -0.38139141]
 [-0.93041043  0.32027165 -0.7101893  -0.25785509  0.52944188]
 [-0.86808927 -0.33731626  0.43053908 -0.49141727 -0.2287876 ]
 [ 0.82840383  0.18881712  0.74504794 -0.40101355  0.75931893]
 [-0.78359402 -0.00186611 -0.98548005  0.5673962  -0.23798393]
 [-0.35287496  0.95247144  0.43030189 -0.11076708  0.79385569]
 [-0.72027152  0.78982737 -0.03805546  0.78279488  0.0625479 ]
 [ 0.86125368  0.98527689  0.23320346  0.45993828 -0.76570324]
 [ 0.29654102  0.29070531  0.18415468 -0.30965186  0.10385304]
 [ 0.94004108 -0.77180579  0.77134497  0.66373528 -0.81916474]
 [-0.04948542 -0.41960881  0.77767697 -0.29873332  0.13604774]
 [-0.34973745  0.70544342  0.72255105  0.21184438 -0.57465123]
 [ 0.99113324 -0.01868223 -0.95425199  0.04681123 -0.75232665]
 [ 0.4951989   0.67552964 -0.46707282 -0.49939003 -0.65110286]
 [ 0.0509629   0.44219196 -0.73052509 -0.92748605  0.5629721 ]
 [-0.53690429 -0.34510265  0.77504105  0.42471889 -0.51513863]
 [-0.19891064  0.8313587   0.08908954  0.82903646  0.98663243]
 [-0.34675161 -0.35889213  0.06523321 -0.77496566  0.8922632 ]
 [-0.09963729 -0.21606876 -0.47930532 -0.7027355   0.96940453]
 [-0.5572778   0.04086413  0.10236671 -0.00955847 -0.22555829]
 [ 0.88670164  0.71927887  0.69518282 -0.27670475 -0.77611335]
 [ 0.86673154 -0.31502079 -0.67194454  0.45761246  0.47114611]
 [-0.61155055 -0.66980499 -0.49763825  0.06405765  0.4918885 ]
 [ 0.56680114 -0.59636278 -0.98639862 -0.13329302 -0.12518727]]
[[-0.1905971   0.79195658  0.1961686  -0.19212387 -0.78443081  0.23012265
   0.97043575  0.40742019  0.35068598 -0.32875054  0.17517218 -0.08211553
   0.60299346 -0.28314825 -0.52361835 -0.17402398 -0.12164707  0.66105819
   0.38828217  0.84889843  0.44834421  0.27495473  0.90287554  0.401435
   0.79056093 -0.27707849]
 [-0.7730723  -0.79312857 -0.9479377  -0.55775694  0.39017488 -0.8086713
   0.11629069 -0.93500445 -0.6793593   0.45583005  0.32713717  0.68962578
  -0.2771245  -0.66166589 -0.25474101  0.24312804 -0.85753461  0.29435577
   0.30204896  0.62571682 -0.07292087 -0.62330319 -0.94055559 -0.847825
  -0.2147749   0.92581311]
 [ 0.02405963  0.39629586 -0.19144355  0.23047972 -0.11776838  0.52188104
  -0.11144289  0.73055766  0.20101812  0.14937625 -0.95923462  0.12636462
  -0.15244108  0.21358111 -0.45227203  0.94858948 -0.65181392 -0.29302916
   0.64957436 -0.10765979 -0.94984667  0.42749984 -0.83042666 -0.97494987
   0.68120398 -0.42617456]
 [-0.50707753  0.51712645  0.77045403  0.18601785  0.22881674 -0.88573085
   0.17977335 -0.89214491  0.39590817  0.53828437 -0.29869767 -0.21865852
   0.46280351 -0.970189   -0.93790977 -0.81358043 -0.35338831  0.74027551
  -0.98080656 -0.29268418  0.40584584 -0.95349378 -0.26647589  0.36064547
  -0.86540599  0.74767806]
 [ 0.49675772  0.87925073  0.30601962 -0.8539665  -0.72688605 -0.90417329
   0.6941421  -0.96332851  0.89834814 -0.39674497  0.21561636 -0.76121297
   0.58088171 -0.64119942 -0.66727189 -0.12957876  0.85673258  0.34479224
   0.71066986 -0.74864464 -0.27198832 -0.54738869  0.89129825 -0.05642234
   0.74183953  0.10861049]]

Bias Iniciais:
[[ 0.10994099  0.66066142 -0.90524397 -0.04197317  0.27429903]]
[[-0.30574145 -0.56361027  0.62383975 -0.57216168 -0.09129929 -0.34121551
  -0.51096172  0.68445161 -0.84874347 -0.63954856 -0.39133618  0.41253105
   0.42252442  0.70292464  0.27287273  0.21573148  0.65059933  0.6377835
  -0.48814957 -0.94583408 -0.36718188  0.80780667 -0.32097013 -0.07466749
   0.75234491 -0.55900806]]
