
Pesos Finais:
[[ 1.95800753e+00  1.44281894e+00 -9.37059028e-01  2.17748776e+00
  -3.26235646e+00]
 [-1.37420520e+00 -2.59616164e+00 -8.96373300e-01  2.79095829e-01
   1.24562697e+00]
 [ 1.46256424e+00 -4.93303201e-01  6.80103368e-01  1.16811500e+00
   4.09237872e-02]
 [ 7.01521905e-01  2.59607218e+00 -2.48106180e-01 -1.49313120e+00
   4.27361948e-01]
 [-1.91225571e-01 -1.09139582e+00 -1.58910972e+00  2.47574557e+00
  -8.00277259e-01]
 [ 2.75820840e+00  8.79875148e-01 -1.78380806e-02 -1.39036513e+00
   2.31027069e+00]
 [-6.53210428e-01  1.29035331e+00  3.93076034e+00 -8.43064394e-02
  -1.32881551e+00]
 [-3.75516346e-01 -1.40429004e+00 -2.11328329e+00 -1.39173533e+00
   1.47361620e+00]
 [ 1.75236325e+00 -1.06919295e-01 -2.44702904e+00  1.09152989e+00
   5.83388330e+00]
 [-2.67780942e+00 -4.46152338e-01 -8.36664672e-01 -1.39445434e+00
  -2.77356812e+00]
 [ 5.32559958e-01  1.45440396e+00  4.70262906e-01 -1.56626102e+00
   2.11548327e+00]
 [-2.00932643e+00 -1.07666147e+00 -1.59121337e-01 -4.79943727e-01
   9.54756448e-01]
 [-1.89050986e-01  1.62380272e+00 -7.08364546e-01  7.95580302e-01
  -8.89380439e-02]
 [-1.34512529e-01 -5.05010755e-01 -4.34167196e-02  8.20523265e-01
   7.54687363e-01]
 [ 1.94670679e+00  5.47049536e+00 -1.20390995e+00  8.20991127e-01
   2.67117904e+00]
 [-1.50763819e+00 -1.50673078e+00  4.83768716e-01 -1.21764698e+00
   3.13153035e-02]
 [ 1.05918688e+00 -1.73348569e+00  2.98788322e-01 -6.41400251e-01
   8.30407788e-01]
 [ 1.44257063e+00  3.17371118e+00  2.19652561e+00 -1.90705694e-02
   6.27303286e-01]
 [-5.68075620e-01 -1.80625558e+00 -1.90492451e+00 -1.05100312e+00
   1.71346092e+00]
 [ 2.17582979e-01 -2.55445182e+00 -6.37541931e-01 -1.21059789e+00
   1.64036554e+00]
 [-6.18959747e-01 -6.57411719e-01 -9.95607991e-01  1.10992110e+00
   2.24600774e+00]
 [-2.59611811e+00 -1.13713254e+00 -1.94322474e+00 -7.77023990e-01
   1.54859805e+00]
 [ 1.34661441e+00  2.14903258e+00  1.80402304e+00  2.31404713e+00
   1.99424019e-01]
 [ 9.89876416e-01  2.00224308e+00 -7.26304930e-01 -2.98742880e-01
   1.39072035e+00]
 [ 1.19371838e+00  2.98574015e+00  9.23156525e-01 -2.12328406e+00
   5.50577884e-01]
 [-1.33810649e-01  1.28697984e+00 -2.34468159e+00  2.61597656e-01
  -2.49227056e-01]
 [-3.77688832e+00  1.19408693e+00 -3.68764427e-01 -2.19786614e-01
   1.56121508e+00]
 [-3.53132222e+00  6.62475629e-01 -8.69029529e-01 -1.53271567e+00
   3.65265750e+00]
 [ 1.13672609e+00  1.30989656e-01 -7.56002275e-02  2.20561675e+00
  -1.23462525e+00]
 [-2.24886874e+00  3.97645286e+00  1.93312868e+00 -3.14609510e+00
   4.17304610e+00]
 [ 2.43206085e+00  2.15064447e+00  3.09199462e-01 -4.15440297e-01
   2.75851790e+00]
 [ 2.55636185e+00  1.28185655e+00 -2.28774341e+00  1.95685900e+00
  -1.29823885e+00]
 [ 1.15663271e-03  3.64409192e-01 -6.10313161e-01  2.01100747e+00
   3.14078189e+00]
 [ 4.93399237e-03  1.78554498e+00 -2.59691449e-02  1.40197767e+00
   2.90011212e+00]
 [ 1.10164314e+00  5.68502871e-01  1.97658261e+00  4.16995037e+00
  -1.19875501e+00]
 [ 1.97395179e+00  7.82752959e-01 -3.35959721e-01  3.05679323e+00
   8.12639028e-01]
 [ 3.02750264e-02  4.63453490e-01  8.61457105e-01  2.14799021e+00
   7.89334543e-01]
 [-5.23664990e-01 -8.40861935e-01  4.80115703e+00 -1.17205047e+00
  -2.08347957e+00]
 [-9.58017493e-01 -3.10422331e+00 -1.96377446e+00  1.69680972e+00
  -2.92247561e+00]
 [-9.21759554e-01  4.46238497e-01  6.25158908e-01  5.44177310e+00
  -1.38891894e+00]
 [-8.93969835e-02  1.84288776e-01  2.64238655e-01  4.10159059e-01
  -3.16454497e-01]
 [-2.86973812e-01  2.27585690e+00 -3.75862833e+00  1.42004724e+00
  -1.56126989e+00]
 [-2.51623765e+00  3.54951048e+00  3.19944695e-01  1.75281740e+00
   4.47304493e+00]
 [ 7.94461826e-01  1.60374415e-01  2.90487559e+00  2.71248171e+00
   1.00756487e+00]
 [ 5.30779730e-01 -1.58177383e+00  1.78914738e+00  4.09824400e+00
   4.64449485e+00]
 [ 4.02268053e+00 -3.01401991e+00  1.79938787e+00  3.89410306e+00
  -6.48351486e-01]
 [-2.27247497e-02 -6.89873995e-01 -3.02915159e+00 -4.65341818e+00
   2.76161730e+00]
 [-1.26220935e+00  2.73557509e+00  1.17265449e+00 -1.37843291e+00
   1.18828793e+00]
 [-4.51145018e-01 -1.21425568e+00  8.24212747e-01  2.07431479e+00
   3.16471671e-01]
 [-2.30835658e+00 -6.36464544e-01  1.45243923e-01  1.89966144e+00
  -3.62588414e+00]
 [-2.75440536e+00 -4.98085585e+00  2.72505821e+00 -6.94255109e-01
   1.04875320e+00]
 [ 1.75081353e-01 -5.78312517e+00 -7.42636845e-01 -1.14653329e+00
  -7.30301114e-01]
 [ 2.26869522e+00 -1.49251098e-02  2.70638583e-01 -6.95331164e-01
  -4.14488313e+00]
 [-6.19565790e-01  3.52745867e+00 -4.62585685e+00  1.51369002e+00
  -8.22551785e+00]
 [ 4.11971917e+00  1.13883203e+00 -1.12484308e+00 -3.15897653e-01
   2.62737277e-01]
 [ 1.70013031e+00  1.57312175e-01 -5.47012882e-01 -4.25826917e-01
  -3.67500855e-01]
 [-2.38791195e+00  1.17500456e+00  4.92795413e-01  2.06597053e+00
   9.66291064e-03]
 [ 2.42824839e-01 -2.09326053e+00  7.28924797e-01  7.24716316e-02
   3.48870593e+00]
 [ 1.30099888e+00  1.20504258e+00  3.46074590e-01  2.84956327e+00
  -1.54588539e+00]
 [ 3.25560168e-01  2.88052731e-01  5.65773272e-01  1.11644969e+00
   9.20281627e-02]
 [ 6.40809674e-01 -4.42323500e-01 -8.80886243e-01 -1.06419641e+00
   5.95984297e-01]
 [ 1.46322558e+00 -1.72800956e+00  5.50327657e-01  2.82969859e+00
  -1.69174921e+00]
 [ 1.98556026e+00 -3.26300085e+00  1.40251323e+00  4.32998052e+00
  -1.24310904e+00]
 [ 1.19460718e+00 -3.36389697e+00  2.21813571e+00 -2.92677876e-01
  -6.27796082e-02]
 [ 2.35298100e+00 -3.44223200e+00  5.66023717e-01  1.79215930e+00
  -1.96303293e+00]
 [-3.41454246e-01  2.35397971e+00 -2.60037802e+00  1.46874232e+00
  -3.79104994e+00]
 [ 3.85746355e-01 -2.78524655e-01  1.62501913e-01  8.89231274e-01
  -5.16895363e+00]
 [ 1.59281329e+00 -2.95460353e+00 -1.85323080e+00 -1.68576565e+00
  -3.77982395e+00]
 [-2.60862880e+00  8.91105936e-01 -1.80339635e-01 -5.19988815e-01
  -1.15394526e+00]
 [-8.60202464e+00 -1.09012989e-01  4.26136293e+00  2.41644405e+00
  -3.39649440e+00]
 [-7.73864574e-01  1.01935177e+00  8.11805050e-01  1.04336013e+00
  -2.23822497e+00]
 [-2.80660543e+00 -7.79211343e-01 -1.73052236e-01 -1.70283394e-01
  -1.98845669e-01]
 [-2.01496816e-01 -7.99021474e-01  9.18358252e-01 -9.23444205e-02
   3.62703538e-01]
 [-1.67573224e-01 -1.06269617e+00  3.60653420e+00  2.16101946e+00
  -2.00904523e-01]
 [ 4.06206031e-01  5.44822256e+00  2.38127505e+00 -4.43360842e-01
   8.75417167e-01]
 [ 6.58528675e+00  2.48800092e-01  1.37500814e-01 -5.73176279e-02
   1.43186818e-01]
 [ 5.68694895e+00  2.76302741e+00 -9.70104866e-01 -1.62860695e-01
  -3.22710052e-01]
 [-1.00684848e-01  3.32189697e+00 -1.53577342e+00  8.70607525e-01
  -5.86841502e+00]
 [-2.35215538e+00  1.76192152e-01 -1.29113706e+00  1.11448606e+00
  -9.14646765e-01]
 [-4.60430550e+00  9.50807476e-02  1.84852220e+00 -2.08197879e+00
  -3.40784808e+00]
 [-3.90390888e+00 -4.70555302e-01  5.67700675e+00 -6.34285502e+00
  -4.30839826e+00]
 [-9.16486093e-01 -7.65360498e-01 -3.01268113e+00 -1.37675281e-01
   1.14087704e+00]
 [-4.39917494e-01 -6.52793249e-01  2.94482251e-01  8.39284691e-02
  -7.96752280e-02]
 [-5.52182621e-01  1.10533177e+00 -7.84032575e-01 -1.09263597e+00
   3.49995609e+00]
 [-3.99558733e+00  7.96242202e-01 -9.24169475e-01 -5.47224462e-02
  -1.96648331e+00]
 [-8.91797934e-02  4.50157040e-01  9.00478572e-02  2.79366818e+00
   1.16071962e+00]
 [ 6.57561963e-01  1.02945578e+00 -6.13038673e-01 -1.33191785e-01
   5.14893787e-01]
 [ 2.08221068e+00 -7.21063116e-01  2.81910804e+00  2.22943260e+00
  -1.59734474e+00]
 [-5.79045130e-01 -2.62888071e-01  1.39704695e+00  2.50548736e+00
   2.26680460e+00]
 [-4.94636753e+00  2.51200292e+00 -2.96692876e+00 -1.82642439e+00
  -4.33392487e+00]
 [-7.26516231e-01 -7.50547387e-01  9.17469380e-01  1.73539378e+00
  -1.86983776e+00]
 [ 1.32058007e-01  3.59263905e-01  2.13702339e+00 -9.19080309e-01
  -3.82301192e+00]
 [-4.38860777e+00 -9.46053217e-02 -6.28930751e-01 -1.76179588e+00
  -3.76277283e+00]
 [ 1.69585466e+00  4.15290259e-01  2.06912858e+00 -4.57952649e+00
  -3.13290833e+00]
 [-9.61821820e-01 -3.06502649e-01 -5.72765651e-01 -2.19144836e-01
   5.91035032e-01]
 [-1.08059197e-01 -5.55293988e-01 -2.12038534e-01  3.44051121e-02
   2.64301803e-01]
 [-1.05980758e+00  6.24835625e-01  1.85527094e-01 -4.95313300e+00
  -4.67521314e-01]
 [ 4.52614302e+00  3.55385364e-01  3.36843493e-01 -4.91986893e+00
  -1.15786733e+00]
 [ 1.53316542e+00  1.19983502e+00  7.52338302e-01 -3.12778334e+00
  -2.27632952e+00]
 [ 7.11637629e-01 -3.49502206e-01 -1.52475076e+00 -3.12772697e+00
   1.46989501e+00]
 [-1.89611857e+00  4.63436629e-01 -4.26988062e-01 -3.15445018e+00
   1.53005432e+00]
 [-1.00633297e-01 -3.78249690e+00  8.30305268e-01 -2.13244884e+00
  -6.54207114e-01]
 [-9.19562359e-01  4.40584924e-01  8.48978574e-01 -2.14250698e+00
   6.70867150e-01]
 [ 2.55575295e+00 -2.58530447e+00  9.11016943e-01  2.57021818e-01
  -4.82943031e+00]
 [ 1.91785921e+00  2.62732891e+00  1.15044205e+00  1.81367247e+00
  -2.49635443e+00]
 [ 2.95064694e+00 -9.82654269e-01  1.87779445e+00  2.40818012e+00
  -2.59052483e+00]
 [ 1.66853468e+00 -3.37559239e-01 -1.29711966e+00  4.47083260e+00
  -4.64074819e-01]
 [-1.41820740e-01 -2.12617457e-01  7.14474113e-01  1.14998542e+00
  -1.77974795e+00]
 [ 1.78498736e-01  6.30744814e-01 -2.24856465e+00  2.05283669e+00
  -4.30035731e-01]
 [ 1.16942062e+00 -2.98134023e-02  6.32142671e-01 -1.35473845e-02
  -2.30803306e+00]
 [-1.92458492e+00  1.82249677e+00 -1.07644783e+00 -2.63354404e+00
  -2.90732131e-01]
 [ 2.00525757e+00 -1.93846191e+00 -2.99439164e-01 -2.72787316e-01
   2.18522982e+00]
 [-6.15596046e-01 -1.60676569e+00 -1.35966412e+00 -3.76782848e-01
   1.04218824e+00]
 [-2.00360284e+00  6.07883324e-01 -1.14310221e+00 -2.71565575e+00
   2.90967384e+00]
 [-9.61403149e-01  1.86473408e+00 -1.07247659e+00 -2.04602420e+00
  -2.66228800e+00]
 [ 5.35312286e+00 -1.57287060e+00  2.83233993e+00 -4.71125656e-01
  -2.81339067e+00]
 [ 2.75652234e+00 -3.50934428e+00  1.37432179e+00 -3.03927143e+00
  -2.57727803e+00]
 [ 1.82568767e+00  2.37743091e-01 -1.18561684e-01  2.15284285e+00
  -1.88300959e-01]
 [-1.23657729e-01  1.34997237e-01  1.60815156e+00  1.44157006e-01
  -2.29330006e+00]
 [-1.46869504e+00 -5.37508698e-03 -1.02970694e+00 -1.30526938e+00
  -1.64881252e+00]]
[[-3.79247211e+00 -9.25655622e+00 -6.96337777e+00  3.95891057e+00
  -1.16365530e+01 -5.73882079e+00  8.55023410e+00 -4.22982326e-01
   7.64276169e+00  6.01321136e+00 -7.08266215e+00 -1.05230462e+01
   5.74017943e+00  5.10587451e+00  6.58529764e+00 -1.04394569e+01
   2.79255936e+00 -1.59397680e+01  6.11086118e+00  5.92558380e+00
   5.43533534e+00  7.50226346e+00 -1.69211778e+00 -1.04011718e+01
   7.56532307e+00 -1.06909118e+01]
 [-9.60220722e+00  6.87333369e+00  3.92624330e+00 -5.48422806e+00
   6.42734633e+00  1.07939254e+00 -7.72883567e-01  3.61134215e+00
  -8.81267541e+00  3.97798772e+00  7.33355505e+00 -1.32874856e+00
   5.53242408e+00 -6.49296005e-01 -8.80506853e-01  7.70391522e+00
   2.67075176e+00  7.16241614e+00  6.90751112e+00 -7.62369039e+00
   4.14298376e+00  8.57858041e+00 -1.09708917e+01 -8.81314742e+00
  -1.13630961e+01 -1.13601011e+01]
 [-8.32307559e+00 -6.14684257e+00 -1.86175656e+01 -1.02638592e+01
   7.93173724e+00  1.24848478e+01 -9.52337443e+00 -4.23209313e+00
   1.03944836e-02  6.51005263e+00  8.08547162e+00 -6.70830277e+00
  -6.57465659e+00 -1.38605825e+00 -1.20783183e+01 -9.66245634e-01
  -2.52943513e+00 -8.07307568e+00  6.49152016e+00  1.95242789e+00
  -5.42730476e+00  9.15095199e+00 -8.20621631e+00  8.60525390e+00
   6.24912048e+00  2.94905994e+00]
 [ 8.80625464e+00  8.68461847e+00 -4.62775981e+00  1.03438205e+01
   1.04997811e+01 -3.21514196e+00  8.40188852e+00 -1.02113412e+00
   6.09493561e+00  6.43811340e+00 -6.64674193e+00  9.77658304e+00
  -1.47773153e+01 -5.14820326e+00 -1.32166221e+01 -2.57383130e+01
  -1.68315690e+00 -1.42821919e+01  5.49345086e+00  5.12380516e+00
   1.72780336e+00 -7.92875796e+00 -9.07719237e+00 -3.28976889e+00
  -1.22707672e+01  3.11402363e+00]
 [ 2.45296246e+00  8.12251168e+00 -1.47290703e+01 -9.66766080e+00
   1.70909089e+00 -7.86765851e+00  7.79799580e+00  4.68790252e+00
   5.15305537e+00 -5.01757603e+00  7.47806373e+00 -8.41502614e+00
   5.00018494e+00  5.74168256e+00 -1.55986543e+01 -6.56797369e+00
  -6.84811671e-01  7.36067442e+00  6.42607831e+00 -1.66330507e+01
  -4.08757731e+00 -2.08254888e+00  2.93331472e+00  5.51235124e+00
  -2.52979443e+00 -7.33000833e+00]]
