Pesos Iniciais:
[[-0.49099702 -0.48172023 -0.31765818 ...  0.32124707 -0.0770172
  -0.54989314]
 [-0.09713539 -0.05153242 -0.64785402 ...  0.45140691 -0.49660342
   0.3563013 ]
 [-0.52725444  0.28605336  0.39569818 ...  0.30514     0.25251013
   0.72487321]
 ...
 [-0.25082734  0.71674509  0.23038914 ... -0.73298001  0.99877745
  -0.06712474]
 [-0.73094385 -0.22182874 -0.05607638 ... -0.85580986 -0.53511705
   0.81681687]
 [-0.20401119 -0.49545397 -0.97698736 ...  0.67279689  0.83345357
   0.3342107 ]]
[[ 0.73811779 -0.76745739 -0.10729843 ...  0.03211825 -0.11869974
   0.15324396]
 [-0.63050829 -0.7715327   0.90934733 ...  0.23701015 -0.10461144
   0.41319043]
 [-0.33803398 -0.88883329  0.28399611 ...  0.69303092 -0.84090576
   0.40068777]
 ...
 [ 0.99840706 -0.60206533 -0.39216598 ...  0.33421101 -0.40893469
   0.22744652]
 [-0.91497762 -0.98263022  0.91249392 ...  0.38838591  0.02859068
   0.10875275]
 [-0.70841752 -0.12660085  0.16930021 ... -0.75509404  0.20275155
  -0.58038827]]

Bias Iniciais:
[[ 0.67846365 -0.78462716 -0.60353324  0.30189175  0.43616052  0.04561325
  -0.09431689  0.08460366  0.54377607 -0.97313278 -0.07296964  0.66708196
   0.53514686  0.12654941 -0.58107589  0.15287651 -0.43924966 -0.02455886
  -0.23475109 -0.46473879 -0.29185131  0.70653315 -0.20646785 -0.69645256
   0.20401811 -0.70514819 -0.25417569  0.17080581 -0.06218276  0.90854017
   0.10465666 -0.34713445  0.74041131  0.29167258 -0.34773214  0.6827292
   0.76907274 -0.71217983  0.53034635 -0.79970685  0.5673123  -0.80483247
   0.87151796  0.06426401 -0.22721677  0.42867152 -0.09720711  0.59255599
  -0.59247317 -0.69017618  0.37822928 -0.32586843  0.24345141 -0.49699135
  -0.2440467  -0.14855836 -0.60159535  0.06636424 -0.82260259  0.55144507
   0.18299374  0.74875723 -0.34173893 -0.96454119]]
[[ 0.8877532  -0.055696    0.66613459 -0.93897797 -0.58700178  0.85718439
   0.92639808 -0.65271575 -0.85936178 -0.45290077 -0.27337339  0.19530853
  -0.49119942 -0.06613203 -0.223405   -0.55394197  0.22696668 -0.75307988
   0.30414186 -0.68832079 -0.87615759  0.50552112  0.7868263  -0.79753318
  -0.08801243 -0.61143098]]
