
Pesos Finais:
[[-9.87091705e-01  1.24028051e+00 -1.26010086e+00 -3.37577071e-01
   1.82356760e+00]
 [ 2.10921576e-01 -1.07792491e+00  3.52020385e-01 -1.79477632e-01
   9.55136490e-02]
 [-1.76466835e+00  1.47111603e+00 -1.41901417e+00 -1.10876437e+00
  -1.27160155e+00]
 [ 2.64794619e+00 -2.57565122e+00 -2.56781098e+00 -6.82348063e-01
   7.75589195e+00]
 [-1.63007693e+00 -2.17162390e+00 -1.53542985e+00 -2.68843875e+00
  -3.66639942e-01]
 [-4.92469755e-01 -4.48701619e-01  3.71182287e+00  2.20712911e+00
  -2.76912932e+00]
 [ 8.07193320e-01 -6.69380803e-01  1.83004740e+00  2.28304634e+00
   1.34174466e+00]
 [ 1.77282154e+00 -2.16076205e+00  1.52408996e+00 -2.22410094e+00
  -4.34474066e+00]
 [-8.86171210e-01 -3.34754009e-01  2.75823122e-01  5.89353126e-01
  -1.84130005e+00]
 [-1.05486904e+00  3.29064919e+00  1.03765173e+00  1.31887652e+00
  -2.33402340e+00]
 [ 2.00043013e+00  3.12336305e+00 -3.63085712e-01 -7.82783280e-01
   5.27130632e-02]
 [ 1.88606174e+00  2.66645005e-01  1.12765567e-01  1.38976815e+00
   1.05049285e+00]
 [ 3.10767427e+00 -1.18292099e+00 -3.03195852e+00  7.90359822e-01
  -3.86222395e+00]
 [ 1.77180277e+00 -8.23522995e-01 -8.92641264e-01 -1.58685544e+00
   3.99873762e+00]
 [ 1.12767482e+00  1.27578452e+00 -4.44050999e-01 -2.49384706e+00
  -1.13352996e+00]
 [ 2.71536486e-01  1.27792879e+00 -2.70270756e-02 -2.75243308e+00
   1.57595766e+00]
 [ 1.42748381e+00 -8.43726562e-01 -5.05534805e-01 -3.32796220e+00
   1.02136024e+00]
 [-2.64848016e+00 -5.79729598e+00  4.13657815e+00  3.98025445e+00
   3.02564994e+00]
 [ 2.95911632e+00  1.92380441e-01  2.42360136e+00  7.52797754e-01
  -5.28672439e+00]
 [ 2.39206281e-01 -6.52876588e-01 -1.86745391e+00 -1.27607509e+00
  -4.93799179e+00]
 [-8.04617289e-02  1.61949772e+00  4.71225702e-01 -2.39867648e-01
  -1.78790815e+00]
 [ 7.18687200e-01  5.77921676e+00 -5.75567834e-01  1.25794882e+00
   1.33480946e+00]
 [ 7.47928366e-01  2.01015595e+00 -2.94862573e+00 -4.02741212e-02
   2.88117610e+00]
 [-4.74079034e-01 -1.54640024e+00  4.05976425e-01  2.52523013e-01
   8.92750179e-01]
 [ 5.05340786e-01 -1.75018398e+00  1.00495049e+00  1.17867613e+00
   7.13324513e+00]
 [ 9.77985297e-01  8.55226186e-01  1.02597889e+00 -9.35053376e-01
  -3.27898829e-03]
 [ 7.10928437e-01  9.98489018e-01 -3.24709027e+00 -1.63440105e+00
   2.85440140e+00]
 [ 7.13183077e-01 -8.16389574e-01  3.46753649e-01 -1.02190575e+00
  -1.66597067e+00]
 [-2.06181212e+00  2.71714354e+00 -1.27664535e+00 -1.21055816e+00
  -6.22099588e+00]
 [ 4.35575094e-01 -8.84061340e-01  2.71580503e+00 -3.43971794e+00
   9.04844476e-01]
 [ 1.82124015e+00 -5.04559651e+00  4.25372643e-01  1.85519560e+00
  -1.45596467e+00]
 [-4.45910788e-01 -1.74123465e+00 -3.61545588e+00 -2.45265555e+00
  -2.26014022e+00]
 [ 1.44214108e+00  1.63012760e+00 -2.55351702e+00 -1.43977337e+00
   4.69629692e-02]
 [ 3.43171874e+00 -1.94879968e+00  5.95843587e-01 -2.47057218e-01
   2.37214362e-01]
 [ 2.15566573e+00  3.55455415e+00  3.43631509e+00  1.03626985e+00
  -5.40784004e+00]
 [ 3.47823641e+00 -4.44618677e-01 -6.80537472e-01  9.65698611e-01
   1.18457227e+00]
 [ 2.68752426e+00 -1.71701311e+00 -7.11384750e-01 -1.40992635e-01
   3.61234049e+00]
 [-2.14845041e+00 -2.58419652e+00  8.23042866e-01  1.51277017e+00
  -1.88205828e+00]
 [ 1.05498716e+00 -2.12040346e+00 -1.20190760e+00  2.99867578e+00
  -4.77663958e+00]
 [ 5.75779636e-01  6.37271325e+00  2.67145797e-01  5.18337069e-01
  -4.35715261e+00]
 [ 1.27077190e+00  2.40270521e+00  2.19957896e+00 -1.98390987e+00
  -1.23542856e+00]
 [-1.22867237e+00 -2.08487581e+00 -7.00135900e-01 -3.18987821e+00
   5.29836774e+00]
 [-1.54313401e-01 -3.80039778e-02  3.51713255e-01  5.86660110e-01
   7.39448285e+00]
 [ 1.14470522e+00  3.70362644e+00 -3.05272818e+00 -8.81646975e-01
   1.44408526e+00]
 [ 1.16383098e+00 -9.08931595e-01 -5.33241256e+00 -4.41095215e+00
   1.73714746e+00]
 [-1.94684358e+00  3.30102286e-01 -4.40362085e+00 -2.95557039e+00
  -9.94077400e-01]
 [ 1.41078154e+00 -3.40261621e+00 -3.15218451e+00 -5.18768161e-01
   1.51774851e+00]
 [-4.93477521e-01 -1.33505900e+00 -3.92683645e-01 -1.14943188e+00
   1.70923400e+00]
 [ 1.37192122e+00  2.76793499e-02 -1.65184121e-01 -6.63517490e-01
  -7.60364215e-01]
 [ 1.45927883e+00  3.57399384e+00  5.05403141e-01  2.70056026e+00
  -5.23587580e+00]
 [-1.53304715e+00  8.17922646e+00 -1.34045605e+00 -1.76840689e+00
   1.01765860e-01]
 [-1.41163809e-01  1.10540825e+00  1.66935410e+00 -2.61518762e-02
  -1.93876048e+00]
 [-4.80810583e-01  1.98860067e+00  6.31515054e-01  5.51605263e+00
  -1.50365078e+00]
 [-1.69054969e-03 -1.00285311e+00  8.13449213e-01  3.53011908e-01
  -4.59733486e+00]
 [ 1.68134456e+00 -7.10711857e+00  1.92416906e+00  6.73089017e-01
  -3.76324888e+00]
 [ 4.02643218e-01 -2.14619215e+00 -9.16176686e-01 -1.72321755e-01
   1.12790881e-02]
 [ 3.09313339e+00 -1.11081192e-01 -3.06845812e+00 -4.62690102e-01
  -4.21455798e+00]
 [-2.95825736e-01 -3.44761623e+00 -2.04722157e+00  6.48523995e-02
   2.00082821e+00]
 [ 8.75297389e-01 -2.50182309e+00 -2.28245679e+00 -1.56385777e+00
   1.20098254e+00]
 [ 8.19293874e-02 -2.78111473e-02 -4.67918723e-01  4.58798807e-01
  -4.32324058e-01]
 [ 8.77287635e-02 -1.64527571e+00 -7.18084620e-01 -1.38005209e+00
  -5.90341447e-01]
 [ 1.11555552e+00  4.47353061e+00  2.76430288e-01  2.11098666e+00
  -2.56658735e+00]
 [-2.23433822e+00 -3.75589200e-01 -4.68079813e-01  8.64012918e-01
  -3.20082376e+00]
 [ 9.09440587e-02  7.07625443e-01 -3.01020696e+00 -1.78833730e-01
   1.48395773e+00]
 [ 2.04648511e+00 -2.48821646e+00 -3.90774264e+00  1.51601724e-01
  -3.94471164e+00]
 [ 4.54929970e-01 -6.34460338e-02  3.22280993e+00 -3.16173847e-01
  -2.98358085e+00]
 [ 1.90791215e-01 -1.77838189e+00 -1.74739097e+00  5.88582471e+00
  -2.50215229e+00]
 [ 5.45169368e-01 -3.87311565e+00 -2.64142641e+00  8.90571710e-02
  -3.34558340e+00]
 [-8.17755067e-01 -7.35497083e-01 -4.14379195e-01  3.50294596e+00
   2.65243806e+00]
 [ 1.44790825e+00  1.84494908e-01 -2.40280760e+00  1.11237688e+00
  -2.29096019e+00]
 [-1.97984504e+00  1.15192470e+00 -1.36776147e+00 -1.28828538e-01
   3.64411920e-01]
 [-5.26851029e-01 -1.80028505e-01 -2.77719713e-01  6.57704960e-01
  -3.39851238e-02]
 [ 2.58862885e-01  2.03288448e-01  6.70889092e-01  1.05280093e+00
  -1.64726703e+00]
 [ 1.61330193e+00  5.15287904e+00  7.27842801e-01 -3.06214210e+00
  -2.09264492e+00]
 [-1.38261831e+00  5.00692883e+00 -7.66191968e-01 -3.57035347e-01
  -3.62388160e+00]
 [-1.89350042e+00 -3.48654836e+00 -2.10580725e+00 -4.09171452e+00
  -1.04277227e+00]
 [-8.84086039e-01  8.53226390e-03 -2.26812297e+00 -2.56832852e+00
   2.30430162e+00]
 [ 2.07945919e+00 -6.25448059e-05  1.95494986e+00 -1.13238468e+00
  -9.35128390e-01]
 [ 4.03137106e-01 -9.21085098e-01  1.19502164e+00  4.22728733e+00
   3.15046424e-01]
 [ 8.50921103e-01 -1.83784705e-01  1.88393137e+00  5.06941821e+00
   2.86670744e+00]
 [-2.33998720e+00  2.41867182e+00 -1.69264884e+00  3.25298496e+00
   1.65203961e+00]
 [-2.23100307e+00  2.38739028e+00 -2.26687037e-01  3.54584828e-01
   1.98385761e+00]
 [ 3.93185203e-01  1.06710465e-01 -1.90276025e+00  8.51294414e-01
   5.41013834e-01]
 [ 1.24872649e+00 -4.05738458e-01  7.84546463e-01  3.56176856e-01
   2.20521123e+00]
 [-4.59713694e-01  3.12752879e+00  1.94041167e+00 -8.94399623e-01
  -1.86438374e+00]
 [-2.00947060e+00 -2.67791760e-01 -4.64538095e+00  4.20894728e-01
  -1.14421894e+00]
 [-6.53987593e-01 -1.94011650e+00  3.58261595e+00 -1.00289766e+00
   3.07211430e+00]
 [-2.21942380e+00 -2.05947908e+00  1.31607463e-01  1.25906007e+00
   2.06224738e+00]
 [ 6.09222624e-01  1.20867813e+00  2.54769067e+00  1.94494269e+00
   7.78328245e-01]
 [ 3.85427549e+00  4.66888080e-01  6.50488086e-01 -4.34975209e-01
   1.53537619e+00]
 [ 1.95786388e+00 -1.44831559e+00 -3.83191414e+00  4.93645546e+00
  -1.35116500e-01]
 [-6.19205275e+00 -2.50046417e+00 -4.58967923e+00  1.32703604e+00
   1.99801593e+00]
 [-7.39420322e-01 -6.16313161e-01  1.07223549e+00  2.32502758e+00
  -1.05636790e+00]
 [-1.72036198e+00 -3.03750185e+00 -1.08327059e+00  2.59296353e+00
  -9.27367902e-01]
 [ 3.89946461e-01 -6.41754705e-01  5.93241542e-01  3.14497222e+00
   8.12634735e-01]
 [-9.78703917e-01  3.15099293e-01  8.72807055e-01 -4.70547985e-01
   8.64592027e-01]
 [-1.55312247e+00  3.17889093e-01  2.49179379e-01  3.46714612e-01
   1.07798555e+00]
 [-1.53592062e+00 -3.25045252e+00  2.40841808e+00  6.18548732e-01
   1.65237212e+00]
 [ 1.06377415e+00 -4.72328136e+00  1.47895766e+00  4.64787410e+00
   2.16181487e+00]
 [-1.24519256e+00 -1.09003840e+00  9.14318233e-01  9.38647407e-01
   2.72207614e+00]
 [-1.90674406e+00 -6.89181953e-01  2.13156884e+00 -6.92264184e-01
   2.32218888e+00]
 [-6.94536316e-01  2.79011485e+00  2.85617337e-01 -5.66612700e+00
   1.55187424e+00]
 [-1.75124617e+00 -3.06835139e-01  1.79895876e+00 -2.92458676e+00
  -2.36074184e-01]
 [-3.94379532e+00  2.96935028e+00 -6.57535975e-01  1.68734640e+00
  -1.30277879e+00]
 [-1.00366186e+00  1.96422639e-01 -1.99924301e+00  1.35784280e+00
   1.59992290e+00]
 [ 4.82212266e-01  3.27103258e+00  2.67027496e+00  7.81551948e-01
  -1.06075075e+00]
 [ 1.50022861e-01  6.19578590e-01 -7.28004098e-01 -2.87469035e-01
  -5.43930229e+00]
 [ 4.56251405e-01  4.86481502e-02  9.62580656e-01  9.22423857e-01
   9.94130922e-01]
 [ 5.25773272e-01 -1.84278736e+00  7.04156671e-01 -6.45969066e-01
   1.56200680e+00]
 [-2.67885332e-01 -4.80990932e-01  1.52130083e+00  2.68916227e+00
   1.04641911e+00]
 [-4.37184087e-02 -2.48965549e+00  3.78122007e-01 -5.56410707e-01
   2.86953057e+00]
 [ 2.76792459e+00 -3.96217908e+00  3.16216615e-02  1.36480019e+00
   2.11686996e-01]
 [ 1.17654057e+00  2.05101377e+00  4.58612195e+00 -2.92654885e+00
  -2.00300351e-01]
 [-2.20443337e+00  4.93926946e-01  4.84282013e+00 -2.09258263e+00
   3.79118708e+00]
 [-2.25268235e+00 -4.07142221e+00 -2.50363184e+00 -6.74961369e+00
  -4.62356282e-01]
 [-5.09207291e+00  3.67007322e+00 -7.35290406e-01 -1.35182217e+00
  -4.33086326e-01]
 [-4.96834963e+00 -2.45788746e-01 -7.57488281e-01  3.45471450e+00
  -2.18681290e+00]
 [-2.48076656e+00 -3.58565253e-01 -3.66220006e-01  2.73624298e+00
   1.50410634e+00]
 [ 7.24073236e-01 -2.40010711e+00  1.35451967e-01  1.02234552e+00
  -1.51520898e-01]
 [ 3.23778313e-01 -5.92307604e-01  4.12769438e-02 -1.02171323e+00
   1.35983142e+00]]
[[  7.82439772   7.21067546   6.82836386   0.71473158   6.51034288
   -9.67589142   3.70741787   2.79816666  -4.4095385   -8.25555594
    1.30010275   6.96222752 -11.45450832  11.48343039   6.04568094
  -12.33668597   0.56870354  -1.77031015   5.16307406  -9.85709872
    6.14907156 -10.98702954  -8.17995161   5.14506212  -9.46368698
    6.34947387]
 [  2.76874042   6.32484039  -7.58387426   7.22801012   6.84493678
    7.01165059  -9.46566373  -3.33977039   5.62797007   5.44597534
    0.66777962  -6.94052251  -7.37892451 -15.1739728   -8.93786806
    7.62310732  -2.43996823   9.32302163   7.29658339  -4.88805604
  -11.28553055 -11.77785591   5.129495     4.15299814  -9.60690792
    7.76147269]
 [ -5.20703548   6.1329836   -9.49137158   7.67383244 -11.1433984
   -9.01153706  -9.76381252   6.53515188  -4.97398293  -8.12957997
    1.34885901 -10.97709879   4.62982732   2.93509865   4.72273462
    6.89300913   4.23369648   7.59196771 -11.06840151  -8.88389095
    7.6360754    7.71864272   7.42122062   5.24430127  -8.85493178
   -7.46802634]
 [-12.87191007   5.02866995   7.34722479   7.07203812   6.92435321
   -1.41782935  -8.30298407  -5.50622377   4.2648642   -7.77760711
   -0.73406304   0.39298404  -8.2718358  -11.17916251   8.64735114
    4.60082903   1.70596412  -9.69543566  -8.22834262   8.43462632
    5.20382277   7.36416104  -7.25635355  -5.61437607   2.30755097
    7.32272936]
 [ -8.69748342   6.1320281    6.26896057  -9.78943206   6.99850543
   11.44908179   2.92279176   3.61283181  -7.71004145 -11.35316529
    0.81180409  -8.26758908   1.59977596  -4.98860431   8.64868462
    2.64616819   1.45301606   7.69523255   7.43024564  -9.88372055
   -9.98175767  -2.12742183  -6.12390845  -6.08024585   8.43260276
   -7.00863484]]
